-43.279729 -43.939460 -18.267838
-32.887648 -54.996344 -118.652308
-44.935145 -43.803728 -119.342530
-55.506319 -31.775595 -118.434456
-5.297037 -32.356115 -57.016379
-19.929830 -23.418595 -110.048936
-36.912866 -9.174404 -67.365533
-22.576880 -20.419444 9.281854
-50.098642 -50.382990 -70.794699
-55.508434 -42.444360 -116.335637
-48.438160 -47.653353 -28.512244
-41.167318 -56.652431 -116.854003
-61.740988 -67.503929 -62.555019
-66.168698 -63.510023 -120.004865
-63.597506 -62.480189 -54.932000
-57.485717 -66.100285 -63.636480
-58.547726 -66.412033 -122.884585
-62.665277 -63.746916 -118.967490
-66.472787 -58.490053 -59.295473
-62.770910 -62.683545 -54.277995
-54.402411 -54.075476 -44.363926
-50.462973 -56.720294 -65.203859
-53.993959 -53.606130 -72.127333
-56.621305 -51.052070 -57.337058
-38.903288 -46.095297 -125.496563
-43.182830 -43.489684 -161.963494
-42.785819 -39.631791 -59.366371
-42.683790 -43.882367 -34.018075
-31.882411 -33.031542 -25.560073
-29.958336 -30.661211 -40.627385
-31.050124 -30.963141 -50.348012
-32.894596 -29.733793 -30.902084
-21.112317 -23.888982 -152.423831
-23.703681 -21.478032 -159.838751
-19.055810 -19.581295 -30.181022
-20.104088 -23.340795 -17.646736
-15.726025 -16.418766 -153.770455
-17.913085 -17.278945 -31.763629
-17.671738 -15.483174 -21.501991
-18.287162 -17.432733 -13.135678
-15.145273 -15.698986 -118.460583
-15.509509 -15.166081 -36.596247
-15.220358 -14.920838 -104.999030
-15.158954 -15.328182 -29.634293
-5.480290 -4.813780 -137.912160
-4.284758 -4.045038 -22.581415
-4.217431 -5.950882 -2.797198
-5.978550 -6.046449 -112.146550
-4.340209 -3.901645 -42.924809
-3.958505 -4.051334 -99.162103
-4.264663 -3.759660 30.450281
-4.060477 -4.059663 -121.520261
161.462898 8.675776 10.486978
33.869623 3.269228 -96.735329
4.451453 146.794121 -31.487167
68.118045 50.858912 236.704988
-66.778794 -69.775970 -53.264872
-65.777331 -72.528470 -63.588320
-68.510275 -69.308405 -101.386621
-73.097441 -59.839050 -123.862521
-55.268546 -53.123445 -69.153927
-53.805039 -54.369946 -51.735386
-53.158016 -55.843842 -131.445536
-55.254331 -54.766288 -153.719547
-28.006724 -27.691984 -22.853299
-27.563298 -28.331539 -28.520936
-28.882558 -28.179811 -148.122101
-28.469685 -28.568607 -163.238302
4.047453 -12.570216 -107.987927
-11.748388 -6.585793 -69.763992
-15.994906 3.114835 -100.822421
-10.320139 -11.775534 29.369940
23.638781 -4.731810 -123.833643
-3.220860 17.658109 -19.970384
-6.883455 31.773857 -106.235103
23.417881 9.878515 61.997535
73.989086 -16.412866 -97.311959
-14.252852 3.925083 -43.234874
-19.292915 61.086960 -123.305719
42.413826 51.868429 106.310708
84.091761 0.056946 -136.607039
18.810376 16.197954 -78.415257
3.494777 57.259177 -91.835598
32.800943 42.225922 126.550948
65.379549 50.525025 182.410843
85.304416 14.192787 -6.877962
26.499908 65.237712 -135.817300
41.806459 147.193799 -125.213967
101.277214 90.876431 216.726715
90.315799 4.249616 -125.186104
-1.425744 73.324356 -0.224802
20.017499 158.831550 -118.483894
242.714017 114.639912 114.021708
161.641381 48.136688 -104.381575
30.623138 181.740720 5.090511
110.950371 171.573538 254.420727
